   1.2571042452784703e-01	  -9.9206697816479528e-01	  -9.6839377833005691e-01	  -2.4942632197030956e-01	  -3.6918481049584156e-01	   9.2935600051818112e-01	   0.0000000000000000e+00	   0.0000000000000000e+00	   0.0000000000000000e+00	   0.0000000000000000e+00	   0.0000000000000000e+00	   0.0000000000000000e+00	   0.0000000000000000e+00	   0.0000000000000000e+00	   0.0000000000000000e+00	   0.0000000000000000e+00	   0.0000000000000000e+00	   0.0000000000000000e+00	
  -1.2533323356430523e-01	   9.9211470131447765e-01	  -9.6858316112863063e-01	  -2.4868988716485674e-01	   3.6812455268468075e-01	  -9.2977648588825035e-01	   0.0000000000000000e+00	   0.0000000000000000e+00	   0.0000000000000000e+00	   0.0000000000000000e+00	   0.0000000000000000e+00	   0.0000000000000000e+00	   0.0000000000000000e+00	   0.0000000000000000e+00	   0.0000000000000000e+00	   0.0000000000000000e+00	   0.0000000000000000e+00	   0.0000000000000000e+00	
   1.2533323356430334e-01	  -9.9211470131447799e-01	  -9.6858316112863152e-01	  -2.4868988716485305e-01	  -3.6812455268467548e-01	   9.2977648588825235e-01	   0.0000000000000000e+00	   0.0000000000000000e+00	   0.0000000000000000e+00	   0.0000000000000000e+00	   0.0000000000000000e+00	   0.0000000000000000e+00	   0.0000000000000000e+00	   0.0000000000000000e+00	   0.0000000000000000e+00	   0.0000000000000000e+00	   0.0000000000000000e+00	   0.0000000000000000e+00	
  -9.4108313318512618e-02	   9.9556196460308022e-01	  -9.8228725072868928e-01	  -1.8738131458572127e-01	   2.7899110603922411e-01	  -9.6029368567694462e-01	   0.0000000000000000e+00	   0.0000000000000000e+00	   0.0000000000000000e+00	   0.0000000000000000e+00	   0.0000000000000000e+00	   0.0000000000000000e+00	   0.0000000000000000e+00	   0.0000000000000000e+00	   0.0000000000000000e+00	   0.0000000000000000e+00	   0.0000000000000000e+00	   0.0000000000000000e+00	
   9.4108313318510953e-02	  -9.9556196460308033e-01	  -9.8228725072868994e-01	  -1.8738131458571800e-01	  -2.7899110603922034e-01	   9.6029368567694562e-01	   0.0000000000000000e+00	   0.0000000000000000e+00	   0.0000000000000000e+00	   0.0000000000000000e+00	   0.0000000000000000e+00	   0.0000000000000000e+00	   0.0000000000000000e+00	   0.0000000000000000e+00	   0.0000000000000000e+00	   0.0000000000000000e+00	   0.0000000000000000e+00	   0.0000000000000000e+00	
  -9.4108313318510856e-02	   9.9556196460308033e-01	  -9.8228725072868994e-01	  -1.8738131458571777e-01	   2.7899110603921901e-01	  -9.6029368567694606e-01	   0.0000000000000000e+00	   0.0000000000000000e+00	   0.0000000000000000e+00	   0.0000000000000000e+00	   0.0000000000000000e+00	   0.0000000000000000e+00	   0.0000000000000000e+00	   0.0000000000000000e+00	   0.0000000000000000e+00	   0.0000000000000000e+00	   0.0000000000000000e+00	   0.0000000000000000e+00	
   9.4108313318510953e-02	  -9.9556196460308033e-01	  -9.8228725072868994e-01	  -1.8738131458571800e-01	  -2.7899110603922034e-01	   9.6029368567694562e-01	   0.0000000000000000e+00	   0.0000000000000000e+00	   0.0000000000000000e+00	   0.0000000000000000e+00	   0.0000000000000000e+00	   0.0000000000000000e+00	   0.0000000000000000e+00	   0.0000000000000000e+00	   0.0000000000000000e+00	   0.0000000000000000e+00	   0.0000000000000000e+00	   0.0000000000000000e+00	
  -9.4108313318510856e-02	   9.9556196460308033e-01	  -9.8228725072868994e-01	  -1.8738131458571777e-01	   2.7899110603921901e-01	  -9.6029368567694606e-01	   0.0000000000000000e+00	   0.0000000000000000e+00	   0.0000000000000000e+00	   0.0000000000000000e+00	   0.0000000000000000e+00	   0.0000000000000000e+00	   0.0000000000000000e+00	   0.0000000000000000e+00	   0.0000000000000000e+00	   0.0000000000000000e+00	   0.0000000000000000e+00	   0.0000000000000000e+00	
   9.4108313318524206e-02	  -9.9556196460307911e-01	  -9.8228725072868495e-01	  -1.8738131458574414e-01	  -2.7899110603925786e-01	   9.6029368567693474e-01	   0.0000000000000000e+00	   0.0000000000000000e+00	   0.0000000000000000e+00	   0.0000000000000000e+00	   0.0000000000000000e+00	   0.0000000000000000e+00	   0.0000000000000000e+00	   0.0000000000000000e+00	   0.0000000000000000e+00	   0.0000000000000000e+00	   0.0000000000000000e+00	   0.0000000000000000e+00	
  -9.4108313318518141e-02	   9.9556196460307966e-01	  -9.8228725072868728e-01	  -1.8738131458573218e-01	   2.7899110603924032e-01	  -9.6029368567693985e-01	   0.0000000000000000e+00	   0.0000000000000000e+00	   0.0000000000000000e+00	   0.0000000000000000e+00	   0.0000000000000000e+00	   0.0000000000000000e+00	   0.0000000000000000e+00	   0.0000000000000000e+00	   0.0000000000000000e+00	   0.0000000000000000e+00	   0.0000000000000000e+00	   0.0000000000000000e+00	
   9.4108313318524206e-02	  -9.9556196460307911e-01	  -9.8228725072868495e-01	  -1.8738131458574414e-01	  -2.7899110603925786e-01	   9.6029368567693474e-01	   0.0000000000000000e+00	   0.0000000000000000e+00	   0.0000000000000000e+00	   0.0000000000000000e+00	   0.0000000000000000e+00	   0.0000000000000000e+00	   0.0000000000000000e+00	   0.0000000000000000e+00	   0.0000000000000000e+00	   0.0000000000000000e+00	   0.0000000000000000e+00	   0.0000000000000000e+00	
  -9.4108313318518141e-02	   9.9556196460307966e-01	  -9.8228725072868728e-01	  -1.8738131458573218e-01	   2.7899110603924032e-01	  -9.6029368567693985e-01	   0.0000000000000000e+00	   0.0000000000000000e+00	   0.0000000000000000e+00	   0.0000000000000000e+00	   0.0000000000000000e+00	   0.0000000000000000e+00	   0.0000000000000000e+00	   0.0000000000000000e+00	   0.0000000000000000e+00	   0.0000000000000000e+00	   0.0000000000000000e+00	   0.0000000000000000e+00	
   9.4108313318524206e-02	  -9.9556196460307911e-01	  -9.8228725072868495e-01	  -1.8738131458574414e-01	  -2.7899110603925786e-01	   9.6029368567693474e-01	   0.0000000000000000e+00	   0.0000000000000000e+00	   0.0000000000000000e+00	   0.0000000000000000e+00	   0.0000000000000000e+00	   0.0000000000000000e+00	   0.0000000000000000e+00	   0.0000000000000000e+00	   0.0000000000000000e+00	   0.0000000000000000e+00	   0.0000000000000000e+00	   0.0000000000000000e+00	
  -9.4108313318518141e-02	   9.9556196460307966e-01	  -9.8228725072868728e-01	  -1.8738131458573218e-01	   2.7899110603924032e-01	  -9.6029368567693985e-01	   0.0000000000000000e+00	   0.0000000000000000e+00	   0.0000000000000000e+00	   0.0000000000000000e+00	   0.0000000000000000e+00	   0.0000000000000000e+00	   0.0000000000000000e+00	   0.0000000000000000e+00	   0.0000000000000000e+00	   0.0000000000000000e+00	   0.0000000000000000e+00	   0.0000000000000000e+00	
   9.4108313318524206e-02	  -9.9556196460307911e-01	  -9.8228725072868495e-01	  -1.8738131458574414e-01	  -2.7899110603925786e-01	   9.6029368567693474e-01	   0.0000000000000000e+00	   0.0000000000000000e+00	   0.0000000000000000e+00	   0.0000000000000000e+00	   0.0000000000000000e+00	   0.0000000000000000e+00	   0.0000000000000000e+00	   0.0000000000000000e+00	   0.0000000000000000e+00	   0.0000000000000000e+00	   0.0000000000000000e+00	   0.0000000000000000e+00	
  -9.4108313318518141e-02	   9.9556196460307966e-01	  -9.8228725072868728e-01	  -1.8738131458573218e-01	   2.7899110603924032e-01	  -9.6029368567693985e-01	   0.0000000000000000e+00	   0.0000000000000000e+00	   0.0000000000000000e+00	   0.0000000000000000e+00	   0.0000000000000000e+00	   0.0000000000000000e+00	   0.0000000000000000e+00	   0.0000000000000000e+00	   0.0000000000000000e+00	   0.0000000000000000e+00	   0.0000000000000000e+00	   0.0000000000000000e+00	
   9.4108313318545439e-02	  -9.9556196460307711e-01	  -9.8228725072867695e-01	  -1.8738131458578602e-01	  -2.7899110603931931e-01	   9.6029368567691686e-01	   0.0000000000000000e+00	   0.0000000000000000e+00	   0.0000000000000000e+00	   0.0000000000000000e+00	   0.0000000000000000e+00	   0.0000000000000000e+00	   0.0000000000000000e+00	   0.0000000000000000e+00	   0.0000000000000000e+00	   0.0000000000000000e+00	   0.0000000000000000e+00	   0.0000000000000000e+00	
  -9.4108313318531187e-02	   9.9556196460307844e-01	  -9.8228725072868228e-01	  -1.8738131458575791e-01	   2.7899110603927785e-01	  -9.6029368567692897e-01	   0.0000000000000000e+00	   0.0000000000000000e+00	   0.0000000000000000e+00	   0.0000000000000000e+00	   0.0000000000000000e+00	   0.0000000000000000e+00	   0.0000000000000000e+00	   0.0000000000000000e+00	   0.0000000000000000e+00	   0.0000000000000000e+00	   0.0000000000000000e+00	   0.0000000000000000e+00	
   9.4108313318502987e-02	  -9.9556196460308111e-01	  -9.8228725072869294e-01	  -1.8738131458570229e-01	  -2.7899110603919647e-01	   9.6029368567695261e-01	   0.0000000000000000e+00	   0.0000000000000000e+00	   0.0000000000000000e+00	   0.0000000000000000e+00	   0.0000000000000000e+00	   0.0000000000000000e+00	   0.0000000000000000e+00	   0.0000000000000000e+00	   0.0000000000000000e+00	   0.0000000000000000e+00	   0.0000000000000000e+00	   0.0000000000000000e+00	
  -9.4108313318531187e-02	   9.9556196460307844e-01	  -9.8228725072868228e-01	  -1.8738131458575791e-01	   2.7899110603927785e-01	  -9.6029368567692897e-01	   0.0000000000000000e+00	   0.0000000000000000e+00	   0.0000000000000000e+00	   0.0000000000000000e+00	   0.0000000000000000e+00	   0.0000000000000000e+00	   0.0000000000000000e+00	   0.0000000000000000e+00	   0.0000000000000000e+00	   0.0000000000000000e+00	   0.0000000000000000e+00	   0.0000000000000000e+00	
   9.4108313318502987e-02	  -9.9556196460308111e-01	  -9.8228725072869294e-01	  -1.8738131458570229e-01	  -2.7899110603919647e-01	   9.6029368567695261e-01	   0.0000000000000000e+00	   0.0000000000000000e+00	   0.0000000000000000e+00	   0.0000000000000000e+00	   0.0000000000000000e+00	   0.0000000000000000e+00	   0.0000000000000000e+00	   0.0000000000000000e+00	   0.0000000000000000e+00	   0.0000000000000000e+00	   0.0000000000000000e+00	   0.0000000000000000e+00	
  -9.4108313318531187e-02	   9.9556196460307844e-01	  -9.8228725072868228e-01	  -1.8738131458575791e-01	   2.7899110603927785e-01	  -9.6029368567692897e-01	   0.0000000000000000e+00	   0.0000000000000000e+00	   0.0000000000000000e+00	   0.0000000000000000e+00	   0.0000000000000000e+00	   0.0000000000000000e+00	   0.0000000000000000e+00	   0.0000000000000000e+00	   0.0000000000000000e+00	   0.0000000000000000e+00	   0.0000000000000000e+00	   0.0000000000000000e+00	
   9.4108313318502987e-02	  -9.9556196460308111e-01	  -9.8228725072869294e-01	  -1.8738131458570229e-01	  -2.7899110603919647e-01	   9.6029368567695261e-01	   0.0000000000000000e+00	   0.0000000000000000e+00	   0.0000000000000000e+00	   0.0000000000000000e+00	   0.0000000000000000e+00	   0.0000000000000000e+00	   0.0000000000000000e+00	   0.0000000000000000e+00	   0.0000000000000000e+00	   0.0000000000000000e+00	   0.0000000000000000e+00	   0.0000000000000000e+00	
  -9.4108313318531187e-02	   9.9556196460307844e-01	  -9.8228725072868228e-01	  -1.8738131458575791e-01	   2.7899110603927785e-01	  -9.6029368567692897e-01	   0.0000000000000000e+00	   0.0000000000000000e+00	   0.0000000000000000e+00	   0.0000000000000000e+00	   0.0000000000000000e+00	   0.0000000000000000e+00	   0.0000000000000000e+00	   0.0000000000000000e+00	   0.0000000000000000e+00	   0.0000000000000000e+00	   0.0000000000000000e+00	   0.0000000000000000e+00	
   9.4108313318502987e-02	  -9.9556196460308111e-01	  -9.8228725072869294e-01	  -1.8738131458570229e-01	  -2.7899110603919647e-01	   9.6029368567695261e-01	   0.0000000000000000e+00	   0.0000000000000000e+00	   0.0000000000000000e+00	   0.0000000000000000e+00	   0.0000000000000000e+00	   0.0000000000000000e+00	   0.0000000000000000e+00	   0.0000000000000000e+00	   0.0000000000000000e+00	   0.0000000000000000e+00	   0.0000000000000000e+00	   0.0000000000000000e+00	
  -9.4108313318531187e-02	   9.9556196460307844e-01	  -9.8228725072868228e-01	  -1.8738131458575791e-01	   2.7899110603927785e-01	  -9.6029368567692897e-01	   0.0000000000000000e+00	   0.0000000000000000e+00	   0.0000000000000000e+00	   0.0000000000000000e+00	   0.0000000000000000e+00	   0.0000000000000000e+00	   0.0000000000000000e+00	   0.0000000000000000e+00	   0.0000000000000000e+00	   0.0000000000000000e+00	   0.0000000000000000e+00	   0.0000000000000000e+00	
   9.4108313318502987e-02	  -9.9556196460308111e-01	  -9.8228725072869294e-01	  -1.8738131458570229e-01	  -2.7899110603919647e-01	   9.6029368567695261e-01	   3.2772130685398421e-01	   9.4477444135302302e-01	  -7.8519749006783346e-01	   6.1924542920491110e-01	  -8.4237320202098165e-01	  -5.3889459870824319e-01	   2.3307019681765079e-01	  -9.7245991349534888e-01	   9.7142279836675804e-01	  -2.3735573895167758e-01	  -9.0974019951363005e-01	  -4.1517799723600540e-01	
  -9.4108313318531187e-02	   9.9556196460307844e-01	  -9.8228725072868228e-01	  -1.8738131458575791e-01	   2.7899110603927785e-01	  -9.6029368567692897e-01	   1.0869337763418525e-01	  -9.9407532393600451e-01	  -9.7637149931694478e-01	  -2.1609880916280236e-01	  -3.2094360980720987e-01	   9.4709830499474412e-01	   9.0660260935683745e-01	   4.2198543660578330e-01	   9.7943463202312286e-01	   2.0176174462402388e-01	  -9.9989253289921765e-01	   1.4660240529643646e-02	
   9.4108313318502987e-02	  -9.9556196460308111e-01	  -9.8228725072869294e-01	  -1.8738131458570229e-01	  -2.7899110603919647e-01	   9.6029368567695261e-01	   3.0040791798431471e-01	   9.5381082129127115e-01	  -8.1951016562465850e-01	   5.7306464595004003e-01	  -7.9278260322888372e-01	  -6.0950450697073144e-01	   3.4319382312431046e-01	  -9.3926460583230720e-01	   9.7784865757344319e-01	  -2.0931316939412820e-01	  -9.2130689263538912e-01	  -3.8883622462744338e-01	
  -9.4108313318531187e-02	   9.9556196460307844e-01	  -9.8228725072868228e-01	  -1.8738131458575791e-01	   2.7899110603927785e-01	  -9.6029368567692897e-01	   5.5513480041218122e-01	  -8.3176039420696612e-01	  -3.8365070674265539e-01	  -9.2347828085768269e-01	  -9.8109051744333375e-01	  -1.9354946805086171e-01	  -7.0562427043172204e-01	   7.0858619022508473e-01	   7.7582621240450822e-01	   6.3094666030186330e-01	  -8.8031181186692808e-01	   4.7439552473391461e-01	
   9.4108313318502987e-02	  -9.9556196460308111e-01	  -9.8228725072869294e-01	  -1.8738131458570229e-01	  -2.7899110603919647e-01	   9.6029368567695261e-01	   3.5136008083681608e-01	   9.3624040373952355e-01	  -7.5309218718869209e-01	   6.5791500788122470e-01	  -8.8057314437320311e-01	  -4.7391026303372036e-01	   1.3429568480929618e-01	  -9.9094130453907414e-01	   9.6515124026270749e-01	  -2.6169272710443719e-01	  -8.9901943111269622e-01	  -4.3790873761755883e-01	
  -9.4108313318531187e-02	   9.9556196460307844e-01	  -9.8228725072868228e-01	  -1.8738131458575791e-01	   2.7899110603927785e-01	  -9.6029368567692897e-01	   6.5508790600558919e-01	  -7.5555266884924199e-01	  -1.4171967081042472e-01	  -9.8990683142676861e-01	  -8.4076559078759527e-01	  -5.4139931783073569e-01	  -9.5983106981076971e-01	   2.8057854056558451e-01	   6.9055028145109587e-01	   7.2328438997935818e-01	  -8.1384871727020514e-01	   5.8107681540192402e-01	
   9.4108313318490608e-02	  -9.9556196460308222e-01	  -9.8228725072869760e-01	  -1.8738131458567786e-01	  -2.7899110603916066e-01	   9.6029368567696305e-01	   8.0569981789135725e-01	   5.9232406961884787e-01	   2.9830439310033263e-01	   9.5447079004914670e-01	  -3.2501222749709752e-01	   9.4570981383158703e-01	  -8.2202897811408437e-01	   5.6944565951521142e-01	   6.6551836533420405e-01	  -7.4638147445049097e-01	  -5.1387226352866266e-01	  -8.5786671271003900e-01	
  -9.4108313318434805e-02	   9.9556196460308755e-01	  -9.8228725072871859e-01	  -1.8738131458556773e-01	   2.7899110603899896e-01	  -9.6029368567701001e-01	   9.3385667215245116e-01	  -3.5764747430444599e-01	   7.4417656824730127e-01	  -6.6798296031535853e-01	   4.5605183488206202e-01	  -8.8995321444484055e-01	   1.0759752945666044e-01	  -9.9419453411031333e-01	   2.6817654585643258e-01	   9.6336978375518545e-01	  -4.4394389845130044e-01	   8.9605458261640591e-01	
   9.4108313318490608e-02	  -9.9556196460308222e-01	  -9.8228725072869760e-01	  -1.8738131458567786e-01	  -2.7899110603916066e-01	   9.6029368567696305e-01	   0.0000000000000000e+00	   0.0000000000000000e+00	   0.0000000000000000e+00	   0.0000000000000000e+00	   0.0000000000000000e+00	   0.0000000000000000e+00	   0.0000000000000000e+00	   0.0000000000000000e+00	   0.0000000000000000e+00	   0.0000000000000000e+00	   0.0000000000000000e+00	   0.0000000000000000e+00	
  -9.4108313318434805e-02	   9.9556196460308755e-01	  -9.8228725072871859e-01	  -1.8738131458556773e-01	   2.7899110603899896e-01	  -9.6029368567701001e-01	   0.0000000000000000e+00	   0.0000000000000000e+00	   0.0000000000000000e+00	   0.0000000000000000e+00	   0.0000000000000000e+00	   0.0000000000000000e+00	   0.0000000000000000e+00	   0.0000000000000000e+00	   0.0000000000000000e+00	   0.0000000000000000e+00	   0.0000000000000000e+00	   0.0000000000000000e+00	
   9.4108313318490608e-02	  -9.9556196460308222e-01	  -9.8228725072869760e-01	  -1.8738131458567786e-01	  -2.7899110603916066e-01	   9.6029368567696305e-01	   6.5508790600558942e-01	   7.5555266884924188e-01	  -1.4171967081042425e-01	   9.8990683142676861e-01	  -8.4076559078759383e-01	   5.4139931783073780e-01	  -9.5983106981076993e-01	  -2.8057854056558357e-01	   8.1384871727018115e-01	  -5.8107681540195755e-01	  -6.9055028145112529e-01	  -7.2328438997933009e-01	
  -9.4108313318434805e-02	   9.9556196460308755e-01	  -9.8228725072871859e-01	  -1.8738131458556773e-01	   2.7899110603899896e-01	  -9.6029368567701001e-01	   6.5508790600558919e-01	  -7.5555266884924199e-01	  -1.4171967081042472e-01	  -9.8990683142676861e-01	  -8.4076559078759527e-01	  -5.4139931783073569e-01	  -9.5983106981076971e-01	   2.8057854056558451e-01	   6.9055028145116593e-01	   7.2328438997929134e-01	  -8.1384871727014885e-01	   5.8107681540200284e-01	
   9.4108313318490608e-02	  -9.9556196460308222e-01	  -9.8228725072869760e-01	  -1.8738131458567786e-01	  -2.7899110603916066e-01	   9.6029368567696305e-01	   0.0000000000000000e+00	   0.0000000000000000e+00	   0.0000000000000000e+00	   0.0000000000000000e+00	   0.0000000000000000e+00	   0.0000000000000000e+00	   0.0000000000000000e+00	   0.0000000000000000e+00	   0.0000000000000000e+00	   0.0000000000000000e+00	   0.0000000000000000e+00	   0.0000000000000000e+00	
  -9.4108313318434805e-02	   9.9556196460308755e-01	  -9.8228725072871859e-01	  -1.8738131458556773e-01	   2.7899110603899896e-01	  -9.6029368567701001e-01	   0.0000000000000000e+00	   0.0000000000000000e+00	   0.0000000000000000e+00	   0.0000000000000000e+00	   0.0000000000000000e+00	   0.0000000000000000e+00	   0.0000000000000000e+00	   0.0000000000000000e+00	   0.0000000000000000e+00	   0.0000000000000000e+00	   0.0000000000000000e+00	   0.0000000000000000e+00	
   9.4108313318490608e-02	  -9.9556196460308222e-01	  -9.8228725072869760e-01	  -1.8738131458567786e-01	  -2.7899110603916066e-01	   9.6029368567696305e-01	   7.5403421055219189e-01	  -6.5683514622539252e-01	   1.3713518136613445e-01	  -9.9055234189399477e-01	  -5.4722497411150217e-01	  -8.3698556003593383e-01	  -9.6238788406335485e-01	  -2.7167915011656435e-01	  -5.8295920085699815e-01	  -8.1250142777485013e-01	   7.2488097633601101e-01	  -6.8887413229569849e-01	
  -9.4108313318434805e-02	   9.9556196460308755e-01	  -9.8228725072871859e-01	  -1.8738131458556773e-01	   2.7899110603899896e-01	  -9.6029368567701001e-01	   8.8135553660568766e-01	   4.7245361475440151e-01	   5.5357516381099914e-01	   8.3279921830632464e-01	   9.4437534498761591e-02	   9.9553078911593451e-01	  -3.8710907602325084e-01	   9.2203392739119150e-01	  -5.5329973187254733e-01	   8.3298223673123262e-01	   3.8741396590489691e-01	   9.2190586234270111e-01	
   9.4108313318490608e-02	  -9.9556196460308222e-01	  -9.8228725072869760e-01	  -1.8738131458567786e-01	  -2.7899110603916066e-01	   9.6029368567696305e-01	   3.5597194558857868e-02	  -9.9936621903061085e-01	  -9.9746567947907760e-01	  -7.1149267468765653e-02	  -1.0661115427525805e-01	   9.9430079039699915e-01	   9.8987556347731609e-01	   1.4193790484034191e-01	  -9.9158100443726482e-01	  -1.2948788220982274e-01	   9.9828098831487344e-01	   5.8609456311073345e-02	
  -9.4108313318434805e-02	   9.9556196460308755e-01	  -9.8228725072871859e-01	  -1.8738131458556773e-01	   2.7899110603899896e-01	  -9.6029368567701001e-01	   7.8954656964116898e-01	   6.1369065038328774e-01	   2.4676757126427468e-01	   9.6907469566196558e-01	  -3.9987759086038743e-01	   9.1656855298864170e-01	  -8.7821153154466225e-01	   4.7827241804433873e-01	  -6.8526996550941877e-01	   7.2828914201072636e-01	   5.3666417359884588e-01	   8.4379592602445519e-01	
   9.4108313318490608e-02	  -9.9556196460308222e-01	  -9.8228725072869760e-01	  -1.8738131458567786e-01	  -2.7899110603916066e-01	   9.6029368567696305e-01	  -9.3888826811935722e-02	  -9.9558268777629833e-01	  -9.8236977639975664e-01	   1.8694818109918068e-01	   2.7835591841528923e-01	   9.6047799698024361e-01	   9.3010075516741586e-01	  -3.6730448572948671e-01	  -9.9999997569811172e-01	  -2.2046264054763156e-04	   9.8232853743666548e-01	   1.8716475239088617e-01	
  -9.4108313318545772e-02	   9.9556196460307700e-01	  -9.8228725072867684e-01	  -1.8738131458578672e-01	   2.7899110603932048e-01	  -9.6029368567691653e-01	  -6.6530539144612946e-02	   9.9778438921498824e-01	  -9.9114737472225423e-01	  -1.3276626672910299e-01	   1.9841367756869174e-01	  -9.8011836660357876e-01	   9.6474623683763339e-01	   2.6318187344044996e-01	  -9.8709510995408190e-01	  -1.6013508018151074e-01	   9.9961726360022796e-01	   2.7664531667685156e-02	
   9.4108313318601144e-02	  -9.9556196460307178e-01	  -9.8228725072865597e-01	  -1.8738131458589596e-01	  -2.7899110603947963e-01	   9.6029368567687035e-01	   0.0000000000000000e+00	   0.0000000000000000e+00	   0.0000000000000000e+00	   0.0000000000000000e+00	   0.0000000000000000e+00	   0.0000000000000000e+00	   0.0000000000000000e+00	   0.0000000000000000e+00	   0.0000000000000000e+00	   0.0000000000000000e+00	   0.0000000000000000e+00	   0.0000000000000000e+00	
  -9.4108313318545772e-02	   9.9556196460307700e-01	  -9.8228725072867684e-01	  -1.8738131458578672e-01	   2.7899110603932048e-01	  -9.6029368567691653e-01	  -1.7925409185603083e-01	  -9.8380281080756704e-01	  -9.3573594110573932e-01	   3.5270135883344195e-01	   5.1472308453594695e-01	   8.5735648725941327e-01	   7.5120350295408722e-01	  -6.6007067587456769e-01	   9.9630595934962951e-01	  -8.5874532688186178e-02	  -9.6256735886959210e-01	  -2.7104257901447482e-01	
   9.4108313318601144e-02	  -9.9556196460307178e-01	  -9.8228725072865597e-01	  -1.8738131458589596e-01	  -2.7899110603947963e-01	   9.6029368567687035e-01	  -5.0657242948457426e-01	   8.6219740992773575e-01	  -4.8676874737219200e-01	  -8.7353087328480106e-01	   9.9973968339156283e-01	   2.2815903491591658e-02	  -5.2611237316341430e-01	   8.5041505795955918e-01	   8.1069827039083708e-01	   5.8546418710737991e-01	  -9.0604362421583595e-01	   4.2318429911544808e-01	
  -9.4108313318545772e-02	   9.9556196460307700e-01	  -9.8228725072867684e-01	  -1.8738131458578672e-01	   2.7899110603932048e-01	  -9.6029368567691653e-01	   0.0000000000000000e+00	   0.0000000000000000e+00	   0.0000000000000000e+00	   0.0000000000000000e+00	   0.0000000000000000e+00	   0.0000000000000000e+00	   0.0000000000000000e+00	   0.0000000000000000e+00	   0.0000000000000000e+00	   0.0000000000000000e+00	   0.0000000000000000e+00	   0.0000000000000000e+00	
   9.4108313318601144e-02	  -9.9556196460307178e-01	  -9.8228725072865597e-01	  -1.8738131458589596e-01	  -2.7899110603947963e-01	   9.6029368567687035e-01	   0.0000000000000000e+00	   0.0000000000000000e+00	   0.0000000000000000e+00	   0.0000000000000000e+00	   0.0000000000000000e+00	   0.0000000000000000e+00	   0.0000000000000000e+00	   0.0000000000000000e+00	   0.0000000000000000e+00	   0.0000000000000000e+00	   0.0000000000000000e+00	   0.0000000000000000e+00	
  -9.4108313318545772e-02	   9.9556196460307700e-01	  -9.8228725072867684e-01	  -1.8738131458578672e-01	   2.7899110603932048e-01	  -9.6029368567691653e-01	  -7.1916110595674021e-01	   6.9484336629133781e-01	   3.4385392641843635e-02	  -9.9940864753756575e-01	   6.6970383195460992e-01	   7.4262829024035415e-01	  -9.9763528954573244e-01	  -6.8730117510466232e-02	  -6.2408058815053069e-01	  -7.8135998073467239e-01	   7.5943866552230843e-01	  -6.5057890629015569e-01	
   9.4108313318601144e-02	  -9.9556196460307178e-01	  -9.8228725072865597e-01	  -1.8738131458589596e-01	  -2.7899110603947963e-01	   9.6029368567687035e-01	  -6.9721778497432418e-01	  -7.1685937276114142e-01	  -2.7774720630994128e-02	   9.9961420802921275e-01	   7.3594784336756958e-01	  -6.7703823514083994e-01	  -9.9845712978774048e-01	  -5.5528010733567668e-02	  -7.7929191524987251e-01	   6.2666108130805886e-01	   6.4806393573054288e-01	   7.6158593422242160e-01	
  -9.4108313318545772e-02	   9.9556196460307700e-01	  -9.8228725072867684e-01	  -1.8738131458578672e-01	   2.7899110603932048e-01	  -9.6029368567691653e-01	  -8.1900448965551542e-01	   5.7378710853774739e-01	   3.4153670815178255e-01	  -9.3986843599774328e-01	   2.5956429493856509e-01	   9.6572582899757098e-01	  -7.6670535396968820e-01	  -6.4199914345286713e-01	  -4.9416548991796166e-01	  -8.6936785572859832e-01	   6.4831575216155568e-01	  -7.6137158175177266e-01	
   9.4108313318601144e-02	  -9.9556196460307178e-01	  -9.8228725072865597e-01	  -1.8738131458589596e-01	  -2.7899110603947963e-01	   9.6029368567687035e-01	  -8.0959972725571672e-01	  -5.8698235205793803e-01	   3.1090343674506166e-01	   9.5044150426005147e-01	   3.0618505207238372e-01	  -9.5197201318496316e-01	  -8.0667810604021883e-01	   5.9099106019919234e-01	  -6.6056736839736785e-01	   7.5076677590885454e-01	   5.0818723880689776e-01	   8.6124661410877024e-01	
  -9.4108313318545772e-02	   9.9556196460307700e-01	  -9.8228725072867684e-01	  -1.8738131458578672e-01	   2.7899110603932048e-01	  -9.6029368567691653e-01	  -9.0070223007414529e-01	   4.3443698362301231e-01	   6.2252901452107712e-01	  -7.8259671995186419e-01	  -2.2072431325584249e-01	   9.7533623819569870e-01	  -2.2491525215883321e-01	  -9.7437832967812277e-01	  -3.4774536923743016e-01	  -9.3758901346694723e-01	   5.1727250458649154e-01	  -8.5582074992303037e-01	
   9.4108313318601144e-02	  -9.9556196460307178e-01	  -9.8228725072865597e-01	  -1.8738131458589596e-01	  -2.7899110603947963e-01	   9.6029368567687035e-01	   0.0000000000000000e+00	   0.0000000000000000e+00	   0.0000000000000000e+00	   0.0000000000000000e+00	   0.0000000000000000e+00	   0.0000000000000000e+00	   0.0000000000000000e+00	   0.0000000000000000e+00	   0.0000000000000000e+00	   0.0000000000000000e+00	   0.0000000000000000e+00	   0.0000000000000000e+00	
  -9.4108313318545772e-02	   9.9556196460307700e-01	  -9.8228725072867684e-01	  -1.8738131458578672e-01	   2.7899110603932048e-01	  -9.6029368567691653e-01	  -9.5460222721257548e-01	   2.9788351381167516e-01	   8.2253082439841907e-01	  -5.6872053146906620e-01	  -6.1577728663087783e-01	   7.8792025819210521e-01	   3.5311391417108579e-01	  -9.3558033520311612e-01	  -2.0672549074011670e-01	  -9.7839898378844303e-01	   3.8639750172632187e-01	  -9.2233235368800603e-01	
   9.4108313318601144e-02	  -9.9556196460307178e-01	  -9.8228725072865597e-01	  -1.8738131458589596e-01	  -2.7899110603947963e-01	   9.6029368567687035e-01	   0.0000000000000000e+00	   0.0000000000000000e+00	   0.0000000000000000e+00	   0.0000000000000000e+00	   0.0000000000000000e+00	   0.0000000000000000e+00	   0.0000000000000000e+00	   0.0000000000000000e+00	   0.0000000000000000e+00	   0.0000000000000000e+00	   0.0000000000000000e+00	   0.0000000000000000e+00	
  -9.4108313318545772e-02	   9.9556196460307700e-01	  -9.8228725072867684e-01	  -1.8738131458578672e-01	   2.7899110603932048e-01	  -9.6029368567691653e-01	  -9.9135108440412578e-01	  -1.3123653245481556e-01	   9.6555394509847225e-01	   2.6020295752503730e-01	  -9.2305481664397904e-01	  -3.8466843576039644e-01	   8.6458884179044726e-01	   5.0247998432917995e-01	   2.2394847853819502e-01	  -9.7460098448566512e-01	  -3.7359721618628064e-02	  -9.9930188191585956e-01	
   9.4108313318601144e-02	  -9.9556196460307178e-01	  -9.8228725072865597e-01	  -1.8738131458589596e-01	  -2.7899110603947963e-01	   9.6029368567687035e-01	   0.0000000000000000e+00	   0.0000000000000000e+00	   0.0000000000000000e+00	   0.0000000000000000e+00	   0.0000000000000000e+00	   0.0000000000000000e+00	   0.0000000000000000e+00	   0.0000000000000000e+00	   0.0000000000000000e+00	   0.0000000000000000e+00	   0.0000000000000000e+00	   0.0000000000000000e+00	
  -5.7105920773068786e-01	   8.2090887512926736e-01	  -3.4778276253199825e-01	  -9.3757514370081918e-01	   9.6826830539851372e-01	   2.4991296237028340e-01	   9.9999027926041384e-01	  -4.4092385600678621e-03	   9.9996111723064085e-01	  -8.8183913980160924e-03	   9.9991251447763396e-01	  -1.3227372793391624e-02	   9.9984447194630277e-01	  -1.7636097029074489e-02	  -5.6743407354631969e-01	   8.2341883156667595e-01	  -5.7467323967936346e-01	   8.1838295900906011e-01	
   6.3401184957226364e-01	  -7.7332333121531860e-01	  -1.9605794920391470e-01	  -9.8059231108241673e-01	  -8.8261797556850141e-01	  -4.7009095843608856e-01	   0.0000000000000000e+00	   0.0000000000000000e+00	   0.0000000000000000e+00	   0.0000000000000000e+00	   0.0000000000000000e+00	   0.0000000000000000e+00	   0.0000000000000000e+00	   0.0000000000000000e+00	   0.0000000000000000e+00	   0.0000000000000000e+00	   0.0000000000000000e+00	   0.0000000000000000e+00	
  -6.9301623390930389e-01	   7.2092197881474318e-01	  -3.9456999076329935e-02	  -9.9922126940127254e-01	   7.4770491571178577e-01	   6.6403114311034495e-01	   0.0000000000000000e+00	   0.0000000000000000e+00	   0.0000000000000000e+00	   0.0000000000000000e+00	   0.0000000000000000e+00	   0.0000000000000000e+00	   0.0000000000000000e+00	   0.0000000000000000e+00	   0.0000000000000000e+00	   0.0000000000000000e+00	   0.0000000000000000e+00	   0.0000000000000000e+00	
   7.4770491571164510e-01	  -6.6403114311050337e-01	   1.1812528195871640e-01	  -9.9299869977869248e-01	  -5.7105920773093233e-01	  -8.2090887512909727e-01	   0.0000000000000000e+00	   0.0000000000000000e+00	   0.0000000000000000e+00	   0.0000000000000000e+00	   0.0000000000000000e+00	   0.0000000000000000e+00	   0.0000000000000000e+00	   0.0000000000000000e+00	   0.0000000000000000e+00	   0.0000000000000000e+00	   0.0000000000000000e+00	   0.0000000000000000e+00	
  -8.0151020421202235e-01	   5.9798109714605718e-01	   2.8483721491199543e-01	  -9.5857590257693093e-01	   3.4491033562942847e-01	   9.3863563770826164e-01	   0.0000000000000000e+00	   0.0000000000000000e+00	   0.0000000000000000e+00	   0.0000000000000000e+00	   0.0000000000000000e+00	   0.0000000000000000e+00	   0.0000000000000000e+00	   0.0000000000000000e+00	   0.0000000000000000e+00	   0.0000000000000000e+00	   0.0000000000000000e+00	   0.0000000000000000e+00	
   8.6668409468375218e-01	  -4.9885737442900940e-01	   5.0228263995559019e-01	  -8.6470350386663919e-01	   3.9566554867975657e-03	  -9.9999217240804383e-01	   0.0000000000000000e+00	   0.0000000000000000e+00	   0.0000000000000000e+00	   0.0000000000000000e+00	   0.0000000000000000e+00	   0.0000000000000000e+00	   0.0000000000000000e+00	   0.0000000000000000e+00	   0.0000000000000000e+00	   0.0000000000000000e+00	   0.0000000000000000e+00	   0.0000000000000000e+00	
  -9.1966101127117228e-01	   3.9271315784893790e-01	   6.9155275130463034e-01	  -7.2232595977369940e-01	  -3.5232719395318346e-01	   9.3587688741686303e-01	   0.0000000000000000e+00	   0.0000000000000000e+00	   0.0000000000000000e+00	   0.0000000000000000e+00	   0.0000000000000000e+00	   0.0000000000000000e+00	   0.0000000000000000e+00	   0.0000000000000000e+00	   0.0000000000000000e+00	   0.0000000000000000e+00	   0.0000000000000000e+00	   0.0000000000000000e+00	
   9.6384215855995969e-01	  -2.6647381368997136e-01	   8.5798341323504490e-01	  -5.1367739157329306e-01	   6.9007901148225470e-01	  -7.2373403810493409e-01	   0.0000000000000000e+00	   0.0000000000000000e+00	   0.0000000000000000e+00	   0.0000000000000000e+00	   0.0000000000000000e+00	   0.0000000000000000e+00	   0.0000000000000000e+00	   0.0000000000000000e+00	   0.0000000000000000e+00	   0.0000000000000000e+00	   0.0000000000000000e+00	   0.0000000000000000e+00	
  -9.9296342579774621e-01	   1.1842142976675997e-01	   9.7195272994399262e-01	  -2.3517629717813837e-01	  -9.3726359907957124e-01	   3.4862149365810585e-01	   0.0000000000000000e+00	   0.0000000000000000e+00	   0.0000000000000000e+00	   0.0000000000000000e+00	   0.0000000000000000e+00	   0.0000000000000000e+00	   0.0000000000000000e+00	   0.0000000000000000e+00	   0.0000000000000000e+00	   0.0000000000000000e+00	   0.0000000000000000e+00	   0.0000000000000000e+00	
   1.0000000000000000e+00	  -2.4492935982947064e-16	   1.0000000000000000e+00	  -4.8985871965894128e-16	   1.0000000000000000e+00	  -7.3478807948841188e-16	   0.0000000000000000e+00	   0.0000000000000000e+00	   0.0000000000000000e+00	   0.0000000000000000e+00	   0.0000000000000000e+00	   0.0000000000000000e+00	   0.0000000000000000e+00	   0.0000000000000000e+00	   0.0000000000000000e+00	   0.0000000000000000e+00	   0.0000000000000000e+00	   0.0000000000000000e+00	
  -9.9296342579774632e-01	  -1.1842142976675929e-01	   9.7195272994399295e-01	   2.3517629717813701e-01	  -9.3726359907957146e-01	  -3.4862149365810513e-01	   0.0000000000000000e+00	   0.0000000000000000e+00	   0.0000000000000000e+00	   0.0000000000000000e+00	   0.0000000000000000e+00	   0.0000000000000000e+00	   0.0000000000000000e+00	   0.0000000000000000e+00	   0.0000000000000000e+00	   0.0000000000000000e+00	   0.0000000000000000e+00	   0.0000000000000000e+00	
   9.7195272994399273e-01	   2.3517629717813793e-01	   8.8938421849116034e-01	   4.5716048812082177e-01	   7.5692610831918272e-01	   6.5350047172498416e-01	   0.0000000000000000e+00	   0.0000000000000000e+00	   0.0000000000000000e+00	   0.0000000000000000e+00	   0.0000000000000000e+00	   0.0000000000000000e+00	   0.0000000000000000e+00	   0.0000000000000000e+00	   0.0000000000000000e+00	   0.0000000000000000e+00	   0.0000000000000000e+00	   0.0000000000000000e+00	
  -9.3726359907957146e-01	  -3.4862149365810541e-01	   7.5692610831918317e-01	   6.5350047172498371e-01	  -4.8161497796149089e-01	  -8.7638291460020634e-01	   0.0000000000000000e+00	   0.0000000000000000e+00	   0.0000000000000000e+00	   0.0000000000000000e+00	   0.0000000000000000e+00	   0.0000000000000000e+00	   0.0000000000000000e+00	   0.0000000000000000e+00	   0.0000000000000000e+00	   0.0000000000000000e+00	   0.0000000000000000e+00	   0.0000000000000000e+00	
   8.8938421849116034e-01	   4.5716048812082177e-01	   5.8200857620226398e-01	   8.1318264690474895e-01	   1.4587426691044650e-01	   9.8930313769508471e-01	   0.0000000000000000e+00	   0.0000000000000000e+00	   0.0000000000000000e+00	   0.0000000000000000e+00	   0.0000000000000000e+00	   0.0000000000000000e+00	   0.0000000000000000e+00	   0.0000000000000000e+00	   0.0000000000000000e+00	   0.0000000000000000e+00	   0.0000000000000000e+00	   0.0000000000000000e+00	
  -8.2898840180729660e-01	  -5.5926579518953612e-01	   3.7444354066203173e-01	   9.2724971547932078e-01	   2.0816969712633074e-01	  -9.7809272423340909e-01	   0.0000000000000000e+00	   0.0000000000000000e+00	   0.0000000000000000e+00	   0.0000000000000000e+00	   0.0000000000000000e+00	   0.0000000000000000e+00	   0.0000000000000000e+00	   0.0000000000000000e+00	   0.0000000000000000e+00	   0.0000000000000000e+00	   0.0000000000000000e+00	   0.0000000000000000e+00	
   7.5692610831918272e-01	   6.5350047172498416e-01	   1.4587426691044650e-01	   9.8930313769508471e-01	  -5.3609402600630673e-01	   8.4415827620201023e-01	   0.0000000000000000e+00	   0.0000000000000000e+00	   0.0000000000000000e+00	   0.0000000000000000e+00	   0.0000000000000000e+00	   0.0000000000000000e+00	   0.0000000000000000e+00	   0.0000000000000000e+00	   0.0000000000000000e+00	   0.0000000000000000e+00	   0.0000000000000000e+00	   0.0000000000000000e+00	
  -6.7421148137744713e-01	  -7.3853833913943046e-01	  -9.0877756757656608e-02	   9.9586205537046957e-01	   7.9675313539312509e-01	  -6.0430492405839664e-01	   0.0000000000000000e+00	   0.0000000000000000e+00	   0.0000000000000000e+00	   0.0000000000000000e+00	   0.0000000000000000e+00	   0.0000000000000000e+00	   0.0000000000000000e+00	   0.0000000000000000e+00	   0.0000000000000000e+00	   0.0000000000000000e+00	   0.0000000000000000e+00	   0.0000000000000000e+00	
   5.8200857620226398e-01	   8.1318264690474895e-01	  -3.2253203445402706e-01	   9.4655854903484249e-01	  -9.5744139650667959e-01	   2.8862773992695001e-01	   0.0000000000000000e+00	   0.0000000000000000e+00	   0.0000000000000000e+00	   0.0000000000000000e+00	   0.0000000000000000e+00	   0.0000000000000000e+00	   0.0000000000000000e+00	   0.0000000000000000e+00	   0.0000000000000000e+00	   0.0000000000000000e+00	   0.0000000000000000e+00	   0.0000000000000000e+00	
  -4.8161497796149066e-01	  -8.7638291460020656e-01	  -5.3609402600630573e-01	   8.4415827620201078e-01	   9.9799680300211813e-01	   6.3264375422123736e-02	   0.0000000000000000e+00	   0.0000000000000000e+00	   0.0000000000000000e+00	   0.0000000000000000e+00	   0.0000000000000000e+00	   0.0000000000000000e+00	   0.0000000000000000e+00	   0.0000000000000000e+00	   0.0000000000000000e+00	   0.0000000000000000e+00	   0.0000000000000000e+00	   0.0000000000000000e+00	
   3.7444354066203067e-01	   9.2724971547932122e-01	  -7.1958406971296440e-01	   6.9440533308387520e-01	  -9.1333075439666245e-01	  -4.0721853233027533e-01	   0.0000000000000000e+00	   0.0000000000000000e+00	   0.0000000000000000e+00	   0.0000000000000000e+00	   0.0000000000000000e+00	   0.0000000000000000e+00	   0.0000000000000000e+00	   0.0000000000000000e+00	   0.0000000000000000e+00	   0.0000000000000000e+00	   0.0000000000000000e+00	   0.0000000000000000e+00	
  -2.6200250384578916e-01	  -9.6506719350444048e-01	  -8.6270937595707453e-01	   5.0570004215518427e-01	   7.1406653702977207e-01	   7.0007783902528231e-01	   0.0000000000000000e+00	   0.0000000000000000e+00	   0.0000000000000000e+00	   0.0000000000000000e+00	   0.0000000000000000e+00	   0.0000000000000000e+00	   0.0000000000000000e+00	   0.0000000000000000e+00	   0.0000000000000000e+00	   0.0000000000000000e+00	   0.0000000000000000e+00	   0.0000000000000000e+00	
   1.4587426691044650e-01	   9.8930313769508471e-01	  -9.5744139650667959e-01	   2.8862773992695001e-01	  -4.2520639056069875e-01	  -9.0509641775135896e-01	   0.0000000000000000e+00	   0.0000000000000000e+00	   0.0000000000000000e+00	   0.0000000000000000e+00	   0.0000000000000000e+00	   0.0000000000000000e+00	   0.0000000000000000e+00	   0.0000000000000000e+00	   0.0000000000000000e+00	   0.0000000000000000e+00	   0.0000000000000000e+00	   0.0000000000000000e+00	
  -2.7693119768538492e-02	  -9.9961647201188386e-01	  -9.9846618223497074e-01	   5.5364997364058012e-02	   8.2994406907475352e-02	   9.9655001300590851e-01	   0.0000000000000000e+00	   0.0000000000000000e+00	   0.0000000000000000e+00	   0.0000000000000000e+00	   0.0000000000000000e+00	   0.0000000000000000e+00	   0.0000000000000000e+00	   0.0000000000000000e+00	   0.0000000000000000e+00	   0.0000000000000000e+00	   0.0000000000000000e+00	   0.0000000000000000e+00	
  -9.0877756757656414e-02	   9.9586205537046957e-01	  -9.8348246665339245e-01	  -1.8100341926427460e-01	   2.6963111751754987e-01	  -9.6296368595406401e-01	   0.0000000000000000e+00	   0.0000000000000000e+00	   0.0000000000000000e+00	   0.0000000000000000e+00	   0.0000000000000000e+00	   0.0000000000000000e+00	   0.0000000000000000e+00	   0.0000000000000000e+00	   0.0000000000000000e+00	   0.0000000000000000e+00	   0.0000000000000000e+00	   0.0000000000000000e+00	
   2.0816969712628408e-01	  -9.7809272423341909e-01	  -9.1333075439670230e-01	  -4.0721853233018585e-01	  -5.8842527016404822e-01	   8.0855160715464969e-01	   0.0000000000000000e+00	   0.0000000000000000e+00	   0.0000000000000000e+00	   0.0000000000000000e+00	   0.0000000000000000e+00	   0.0000000000000000e+00	   0.0000000000000000e+00	   0.0000000000000000e+00	   0.0000000000000000e+00	   0.0000000000000000e+00	   0.0000000000000000e+00	   0.0000000000000000e+00	
  -3.2253203445387868e-01	   9.4655854903489300e-01	  -7.9194617350208407e-01	  -6.1059090909987113e-01	   8.3338805548906170e-01	  -5.5268829277284381e-01	   0.0000000000000000e+00	   0.0000000000000000e+00	   0.0000000000000000e+00	   0.0000000000000000e+00	   0.0000000000000000e+00	   0.0000000000000000e+00	   0.0000000000000000e+00	   0.0000000000000000e+00	   0.0000000000000000e+00	   0.0000000000000000e+00	   0.0000000000000000e+00	   0.0000000000000000e+00	
   4.3235533059564324e-01	  -9.0170331490215339e-01	  -6.2613773621106406e-01	  -7.7971246962741592e-01	  -9.7378330647152778e-01	   2.2747762975153971e-01	   0.0000000000000000e+00	   0.0000000000000000e+00	   0.0000000000000000e+00	   0.0000000000000000e+00	   0.0000000000000000e+00	   0.0000000000000000e+00	   0.0000000000000000e+00	   0.0000000000000000e+00	   0.0000000000000000e+00	   0.0000000000000000e+00	   0.0000000000000000e+00	   0.0000000000000000e+00	
  -5.3609402600630673e-01	   8.4415827620201023e-01	  -4.2520639056069875e-01	  -9.0509641775135896e-01	   9.9199523760489672e-01	   1.2627528883041392e-01	   0.0000000000000000e+00	   0.0000000000000000e+00	   0.0000000000000000e+00	   0.0000000000000000e+00	   0.0000000000000000e+00	   0.0000000000000000e+00	   0.0000000000000000e+00	   0.0000000000000000e+00	   0.0000000000000000e+00	   0.0000000000000000e+00	   0.0000000000000000e+00	   0.0000000000000000e+00	
   6.3228819063018926e-01	  -7.7473327280400284e-01	  -2.0042328797920289e-01	  -9.7970939856449546e-01	  -8.8573874686323684e-01	  -4.6418409311946801e-01	   0.0000000000000000e+00	   0.0000000000000000e+00	   0.0000000000000000e+00	   0.0000000000000000e+00	   0.0000000000000000e+00	   0.0000000000000000e+00	   0.0000000000000000e+00	   0.0000000000000000e+00	   0.0000000000000000e+00	   0.0000000000000000e+00	   0.0000000000000000e+00	   0.0000000000000000e+00	
  -7.1958406971286692e-01	   6.9440533308397612e-01	   3.5602466769064277e-02	  -9.9936603122177292e-01	   6.6834613385386621e-01	   7.4385041867474277e-01	   0.0000000000000000e+00	   0.0000000000000000e+00	   0.0000000000000000e+00	   0.0000000000000000e+00	   0.0000000000000000e+00	   0.0000000000000000e+00	   0.0000000000000000e+00	   0.0000000000000000e+00	   0.0000000000000000e+00	   0.0000000000000000e+00	   0.0000000000000000e+00	   0.0000000000000000e+00	
   7.9675313539311066e-01	  -6.0430492405841552e-01	   2.6963111751750513e-01	  -9.6296368595407655e-01	  -3.6709425882987046e-01	  -9.3018374804881865e-01	   0.0000000000000000e+00	   0.0000000000000000e+00	   0.0000000000000000e+00	   0.0000000000000000e+00	   0.0000000000000000e+00	   0.0000000000000000e+00	   0.0000000000000000e+00	   0.0000000000000000e+00	   0.0000000000000000e+00	   0.0000000000000000e+00	   0.0000000000000000e+00	   0.0000000000000000e+00	
  -8.6270937595714126e-01	   5.0570004215507025e-01	   4.8853493472872034e-01	  -8.7254433557820144e-01	   1.9782038610986701e-02	   9.9980431632814704e-01	   0.0000000000000000e+00	   0.0000000000000000e+00	   0.0000000000000000e+00	   0.0000000000000000e+00	   0.0000000000000000e+00	   0.0000000000000000e+00	   0.0000000000000000e+00	   0.0000000000000000e+00	   0.0000000000000000e+00	   0.0000000000000000e+00	   0.0000000000000000e+00	   0.0000000000000000e+00	
   9.1652457944334698e-01	  -3.9997836851034341e-01	   6.8003460944760785e-01	  -7.3318001197075700e-01	   3.3001228941843119e-01	  -9.4397663574518920e-01	   0.0000000000000000e+00	   0.0000000000000000e+00	   0.0000000000000000e+00	   0.0000000000000000e+00	   0.0000000000000000e+00	   0.0000000000000000e+00	   0.0000000000000000e+00	   0.0000000000000000e+00	   0.0000000000000000e+00	   0.0000000000000000e+00	   0.0000000000000000e+00	   0.0000000000000000e+00	
  -9.5744139650664417e-01	   2.8862773992706775e-01	   8.3338805548918593e-01	  -5.5268829277265652e-01	  -6.3839905085240067e-01	   7.6970556180318328e-01	   0.0000000000000000e+00	   0.0000000000000000e+00	   0.0000000000000000e+00	   0.0000000000000000e+00	   0.0000000000000000e+00	   0.0000000000000000e+00	   0.0000000000000000e+00	   0.0000000000000000e+00	   0.0000000000000000e+00	   0.0000000000000000e+00	   0.0000000000000000e+00	   0.0000000000000000e+00	
   9.8488399870830989e-01	  -1.7321521032614243e-01	   9.3999298182334046e-01	  -3.4119377796622419e-01	   8.6668409468352947e-01	  -4.9885737442939626e-01	   0.0000000000000000e+00	   0.0000000000000000e+00	   0.0000000000000000e+00	   0.0000000000000000e+00	   0.0000000000000000e+00	   0.0000000000000000e+00	   0.0000000000000000e+00	   0.0000000000000000e+00	   0.0000000000000000e+00	   0.0000000000000000e+00	   0.0000000000000000e+00	   0.0000000000000000e+00	
  -9.9846618223497074e-01	   5.5364997364057769e-02	   9.9386943413375572e-01	  -1.1056015509507996e-01	  -9.8622385684415292e-01	   1.6541615456612371e-01	   0.0000000000000000e+00	   0.0000000000000000e+00	   0.0000000000000000e+00	   0.0000000000000000e+00	   0.0000000000000000e+00	   0.0000000000000000e+00	   0.0000000000000000e+00	   0.0000000000000000e+00	   0.0000000000000000e+00	   0.0000000000000000e+00	   0.0000000000000000e+00	   0.0000000000000000e+00	
   9.9799680300211802e-01	   6.3264375422125485e-02	   9.9199523760489672e-01	   1.2627528883041403e-01	   9.8201934844390870e-01	   1.8878029367971902e-01	   0.0000000000000000e+00	   0.0000000000000000e+00	   0.0000000000000000e+00	   0.0000000000000000e+00	   0.0000000000000000e+00	   0.0000000000000000e+00	   0.0000000000000000e+00	   0.0000000000000000e+00	   0.0000000000000000e+00	   0.0000000000000000e+00	   0.0000000000000000e+00	   0.0000000000000000e+00	
  -9.8348246665341166e-01	  -1.8100341926417021e-01	   9.3447552442935800e-01	   3.5602737850125554e-01	  -8.5459812093263954e-01	  -5.1928994954495467e-01	   0.0000000000000000e+00	   0.0000000000000000e+00	   0.0000000000000000e+00	   0.0000000000000000e+00	   0.0000000000000000e+00	   0.0000000000000000e+00	   0.0000000000000000e+00	   0.0000000000000000e+00	   0.0000000000000000e+00	   0.0000000000000000e+00	   0.0000000000000000e+00	   0.0000000000000000e+00	
   9.5512743559828617e-01	   2.9619517512518961e-01	   8.2453683646511644e-01	   5.6580827610781526e-01	   6.1994807274021413e-01	   7.8464284047309973e-01	   0.0000000000000000e+00	   0.0000000000000000e+00	   0.0000000000000000e+00	   0.0000000000000000e+00	   0.0000000000000000e+00	   0.0000000000000000e+00	   0.0000000000000000e+00	   0.0000000000000000e+00	   0.0000000000000000e+00	   0.0000000000000000e+00	   0.0000000000000000e+00	   0.0000000000000000e+00	
  -9.1333075439671452e-01	  -4.0721853233015853e-01	   6.6834613385374331e-01	   7.4385041867485313e-01	  -3.0751140286481932e-01	  -9.5154439576307248e-01	   0.0000000000000000e+00	   0.0000000000000000e+00	   0.0000000000000000e+00	   0.0000000000000000e+00	   0.0000000000000000e+00	   0.0000000000000000e+00	   0.0000000000000000e+00	   0.0000000000000000e+00	   0.0000000000000000e+00	   0.0000000000000000e+00	   0.0000000000000000e+00	   0.0000000000000000e+00	
   8.5868063394607741e-01	   5.1251104269660641e-01	   4.7466486222807469e-01	   8.8016661409417418e-01	  -4.3509584326216086e-02	   9.9905300964050947e-01	   0.0000000000000000e+00	   0.0000000000000000e+00	   0.0000000000000000e+00	   0.0000000000000000e+00	   0.0000000000000000e+00	   0.0000000000000000e+00	   0.0000000000000000e+00	   0.0000000000000000e+00	   0.0000000000000000e+00	   0.0000000000000000e+00	   0.0000000000000000e+00	   0.0000000000000000e+00	
  -7.9194617350194685e-01	  -6.1059090910004898e-01	   2.5435748344875131e-01	   9.6711026807371780e-01	   3.8907130206430052e-01	  -9.2120764321079629e-01	   0.0000000000000000e+00	   0.0000000000000000e+00	   0.0000000000000000e+00	   0.0000000000000000e+00	   0.0000000000000000e+00	   0.0000000000000000e+00	   0.0000000000000000e+00	   0.0000000000000000e+00	   0.0000000000000000e+00	   0.0000000000000000e+00	   0.0000000000000000e+00	   0.0000000000000000e+00	
   7.1406653702977185e-01	   7.0007783902528253e-01	   1.9782038611381173e-02	   9.9980431632813915e-01	  -6.8581515341653532e-01	   7.2777577271042360e-01	   0.0000000000000000e+00	   0.0000000000000000e+00	   0.0000000000000000e+00	   0.0000000000000000e+00	   0.0000000000000000e+00	   0.0000000000000000e+00	   0.0000000000000000e+00	   0.0000000000000000e+00	   0.0000000000000000e+00	   0.0000000000000000e+00	   0.0000000000000000e+00	   0.0000000000000000e+00	
  -6.2613773621123980e-01	  -7.7971246962727481e-01	  -2.1590307058452785e-01	   9.7641480125619373e-01	   8.9650785592494331e-01	  -4.4302783689612674e-01	   0.0000000000000000e+00	   0.0000000000000000e+00	   0.0000000000000000e+00	   0.0000000000000000e+00	   0.0000000000000000e+00	   0.0000000000000000e+00	   0.0000000000000000e+00	   0.0000000000000000e+00	   0.0000000000000000e+00	   0.0000000000000000e+00	   0.0000000000000000e+00	   0.0000000000000000e+00	
   5.2939720610913432e-01	   8.4837409093149629e-01	  -4.3947719632768562e-01	   8.9825374694902160e-01	  -9.9471320587823875e-01	   1.0269195709225032e-01	   0.0000000000000000e+00	   0.0000000000000000e+00	   0.0000000000000000e+00	   0.0000000000000000e+00	   0.0000000000000000e+00	   0.0000000000000000e+00	   0.0000000000000000e+00	   0.0000000000000000e+00	   0.0000000000000000e+00	   0.0000000000000000e+00	   0.0000000000000000e+00	   0.0000000000000000e+00	
  -4.2520639056076387e-01	  -9.0509641775132843e-01	  -6.3839905085257431e-01	   7.6970556180303917e-01	   9.6810910286164498e-01	   2.5052897029369875e-01	   0.0000000000000000e+00	   0.0000000000000000e+00	   0.0000000000000000e+00	   0.0000000000000000e+00	   0.0000000000000000e+00	   0.0000000000000000e+00	   0.0000000000000000e+00	   0.0000000000000000e+00	   0.0000000000000000e+00	   0.0000000000000000e+00	   0.0000000000000000e+00	   0.0000000000000000e+00	
   3.1503158237552842e-01	   9.4908118836376199e-01	  -8.0151020421194130e-01	   5.9798109714616576e-01	  -8.2003363822156994e-01	  -5.7231532583453959e-01	   0.0000000000000000e+00	   0.0000000000000000e+00	   0.0000000000000000e+00	   0.0000000000000000e+00	   0.0000000000000000e+00	   0.0000000000000000e+00	   0.0000000000000000e+00	   0.0000000000000000e+00	   0.0000000000000000e+00	   0.0000000000000000e+00	   0.0000000000000000e+00	   0.0000000000000000e+00	
  -2.0042328797936187e-01	  -9.7970939856446293e-01	  -9.1966101127108357e-01	   3.9271315784914557e-01	   5.6906625539011368e-01	   8.2229167390669466e-01	   0.0000000000000000e+00	   0.0000000000000000e+00	   0.0000000000000000e+00	   0.0000000000000000e+00	   0.0000000000000000e+00	   0.0000000000000000e+00	   0.0000000000000000e+00	   0.0000000000000000e+00	   0.0000000000000000e+00	   0.0000000000000000e+00	   0.0000000000000000e+00	   0.0000000000000000e+00	
   8.2994406907527740e-02	   9.9655001300590418e-01	  -9.8622385684413538e-01	   1.6541615456622816e-01	  -2.4669653506119466e-01	  -9.6909278172360813e-01	   0.0000000000000000e+00	   0.0000000000000000e+00	   0.0000000000000000e+00	   0.0000000000000000e+00	   0.0000000000000000e+00	   0.0000000000000000e+00	   0.0000000000000000e+00	   0.0000000000000000e+00	   0.0000000000000000e+00	   0.0000000000000000e+00	   0.0000000000000000e+00	   0.0000000000000000e+00	
   3.5602466769289728e-02	  -9.9936603122176493e-01	  -9.9746492871988324e-01	  -7.1159791833859690e-02	  -1.0662689072585291e-01	   9.9429910297361579e-01	   0.0000000000000000e+00	   0.0000000000000000e+00	   0.0000000000000000e+00	   0.0000000000000000e+00	   0.0000000000000000e+00	   0.0000000000000000e+00	   0.0000000000000000e+00	   0.0000000000000000e+00	   0.0000000000000000e+00	   0.0000000000000000e+00	   0.0000000000000000e+00	   0.0000000000000000e+00	
  -1.5369830164759071e-01	   9.8811782296983497e-01	  -9.5275366414129248e-01	  -3.0374406243635671e-01	   4.4657154178166214e-01	  -8.9474792990581942e-01	   0.0000000000000000e+00	   0.0000000000000000e+00	   0.0000000000000000e+00	   0.0000000000000000e+00	   0.0000000000000000e+00	   0.0000000000000000e+00	   0.0000000000000000e+00	   0.0000000000000000e+00	   0.0000000000000000e+00	   0.0000000000000000e+00	   0.0000000000000000e+00	   0.0000000000000000e+00	
   2.6963111751733349e-01	  -9.6296368595412463e-01	  -8.5459812093270782e-01	  -5.1928994954484231e-01	  -7.3048361026793274e-01	   6.8293022713153284e-01	   0.0000000000000000e+00	   0.0000000000000000e+00	   0.0000000000000000e+00	   0.0000000000000000e+00	   0.0000000000000000e+00	   0.0000000000000000e+00	   0.0000000000000000e+00	   0.0000000000000000e+00	   0.0000000000000000e+00	   0.0000000000000000e+00	   0.0000000000000000e+00	   0.0000000000000000e+00	
  -3.8176937465584260e-01	   9.2425761807782081e-01	  -7.0850428914977370e-01	  -7.0570650574893656e-01	   9.2273985347522558e-01	  -3.8542335529715799e-01	   0.0000000000000000e+00	   0.0000000000000000e+00	   0.0000000000000000e+00	   0.0000000000000000e+00	   0.0000000000000000e+00	   0.0000000000000000e+00	   0.0000000000000000e+00	   0.0000000000000000e+00	   0.0000000000000000e+00	   0.0000000000000000e+00	   0.0000000000000000e+00	   0.0000000000000000e+00	
   4.8853493472868703e-01	  -8.7254433557822009e-01	  -5.2266723509927504e-01	  -8.5253678005918265e-01	  -9.9921734189678224e-01	   3.9556335178184500e-02	   0.0000000000000000e+00	   0.0000000000000000e+00	   0.0000000000000000e+00	   0.0000000000000000e+00	   0.0000000000000000e+00	   0.0000000000000000e+00	   0.0000000000000000e+00	   0.0000000000000000e+00	   0.0000000000000000e+00	   0.0000000000000000e+00	   0.0000000000000000e+00	   0.0000000000000000e+00	
  -5.8842527016404822e-01	   8.0855160715464969e-01	  -3.0751140286473372e-01	  -9.5154439576310024e-01	   9.5032023078246119e-01	   3.1127392914532648e-01	   0.0000000000000000e+00	   0.0000000000000000e+00	   0.0000000000000000e+00	   0.0000000000000000e+00	   0.0000000000000000e+00	   0.0000000000000000e+00	   0.0000000000000000e+00	   0.0000000000000000e+00	   0.0000000000000000e+00	   0.0000000000000000e+00	   0.0000000000000000e+00	   0.0000000000000000e+00	
   6.8003460944746541e-01	  -7.3318001197088911e-01	  -7.5105859907266259e-02	  -9.9717556619062331e-01	  -7.8218377766597369e-01	  -6.2304778143910167e-01	   0.0000000000000000e+00	   0.0000000000000000e+00	   0.0000000000000000e+00	   0.0000000000000000e+00	   0.0000000000000000e+00	   0.0000000000000000e+00	   0.0000000000000000e+00	   0.0000000000000000e+00	   0.0000000000000000e+00	   0.0000000000000000e+00	   0.0000000000000000e+00	   0.0000000000000000e+00	
  -7.6207372075199031e-01	   6.4749026567139800e-01	   1.6151271172156501e-01	  -9.8687063182179391e-01	   5.1590453441119699e-01	   8.5664608291520605e-01	   0.0000000000000000e+00	   0.0000000000000000e+00	   0.0000000000000000e+00	   0.0000000000000000e+00	   0.0000000000000000e+00	   0.0000000000000000e+00	   0.0000000000000000e+00	   0.0000000000000000e+00	   0.0000000000000000e+00	   0.0000000000000000e+00	   0.0000000000000000e+00	   0.0000000000000000e+00	
   8.3338805548931005e-01	  -5.5268829277246923e-01	   3.8907130206450669e-01	  -9.2120764321070925e-01	  -1.8489330374084451e-01	  -9.8275860018205685e-01	   0.0000000000000000e+00	   0.0000000000000000e+00	   0.0000000000000000e+00	   0.0000000000000000e+00	   0.0000000000000000e+00	   0.0000000000000000e+00	   0.0000000000000000e+00	   0.0000000000000000e+00	   0.0000000000000000e+00	   0.0000000000000000e+00	   0.0000000000000000e+00	   0.0000000000000000e+00	
  -8.9297399644300424e-01	   4.5010825550817157e-01	   5.9480511664678104e-01	  -8.0386993550624175e-01	  -1.6931700779064299e-01	   9.8556164235060573e-01	   0.0000000000000000e+00	   0.0000000000000000e+00	   0.0000000000000000e+00	   0.0000000000000000e+00	   0.0000000000000000e+00	   0.0000000000000000e+00	   0.0000000000000000e+00	   0.0000000000000000e+00	   0.0000000000000000e+00	   0.0000000000000000e+00	   0.0000000000000000e+00	   0.0000000000000000e+00	
   9.3999298182341695e-01	  -3.4119377796601352e-01	   7.6717361175455734e-01	  -6.4143951345973982e-01	   5.0228263995539646e-01	  -8.6470350386675177e-01	   0.0000000000000000e+00	   0.0000000000000000e+00	   0.0000000000000000e+00	   0.0000000000000000e+00	   0.0000000000000000e+00	   0.0000000000000000e+00	   0.0000000000000000e+00	   0.0000000000000000e+00	   0.0000000000000000e+00	   0.0000000000000000e+00	   0.0000000000000000e+00	   0.0000000000000000e+00	
  -9.7378330647147648e-01	   2.2747762975175936e-01	   8.9650785592504301e-01	  -4.4302783689592506e-01	  -7.7222546196920805e-01	   6.3534859399108079e-01	   0.0000000000000000e+00	   0.0000000000000000e+00	   0.0000000000000000e+00	   0.0000000000000000e+00	   0.0000000000000000e+00	   0.0000000000000000e+00	   0.0000000000000000e+00	   0.0000000000000000e+00	   0.0000000000000000e+00	   0.0000000000000000e+00	   0.0000000000000000e+00	   0.0000000000000000e+00	
   9.9386943413373086e-01	  -1.1056015509530329e-01	   9.7555290421060492e-01	  -2.1976471756461322e-01	   9.4527499161689232e-01	  -3.2627471588170021e-01	   0.0000000000000000e+00	   0.0000000000000000e+00	   0.0000000000000000e+00	   0.0000000000000000e+00	   0.0000000000000000e+00	   0.0000000000000000e+00	   0.0000000000000000e+00	   0.0000000000000000e+00	   0.0000000000000000e+00	   0.0000000000000000e+00	   0.0000000000000000e+00	   0.0000000000000000e+00	
  -9.9996868975471664e-01	  -7.9132490315473765e-03	   9.9987476097952943e-01	   1.5826002531558421e-02	  -9.9971821955630435e-01	  -2.3737764999526782e-02	   0.0000000000000000e+00	   0.0000000000000000e+00	   0.0000000000000000e+00	   0.0000000000000000e+00	   0.0000000000000000e+00	   0.0000000000000000e+00	   0.0000000000000000e+00	   0.0000000000000000e+00	   0.0000000000000000e+00	   0.0000000000000000e+00	   0.0000000000000000e+00	   0.0000000000000000e+00	
   9.9199523760492458e-01	   1.2627528883019540e-01	   9.6810910286170149e-01	   2.5052897029348031e-01	   9.2872400143664324e-01	   3.7077180199620080e-01	   0.0000000000000000e+00	   0.0000000000000000e+00	   0.0000000000000000e+00	   0.0000000000000000e+00	   0.0000000000000000e+00	   0.0000000000000000e+00	   0.0000000000000000e+00	   0.0000000000000000e+00	   0.0000000000000000e+00	   0.0000000000000000e+00	   0.0000000000000000e+00	   0.0000000000000000e+00	
  -9.7006128925975399e-01	  -2.4286023774941792e-01	   8.8203780984059243e-01	   4.7117863068226146e-01	  -7.4120018071987626e-01	  -6.7128406215314151e-01	   0.0000000000000000e+00	   0.0000000000000000e+00	   0.0000000000000000e+00	   0.0000000000000000e+00	   0.0000000000000000e+00	   0.0000000000000000e+00	   0.0000000000000000e+00	   0.0000000000000000e+00	   0.0000000000000000e+00	   0.0000000000000000e+00	   0.0000000000000000e+00	   0.0000000000000000e+00	
   9.3447552442935788e-01	   3.5602737850125582e-01	   7.4648901151504699e-01	   6.6539774247234107e-01	   4.6067589660319519e-01	   8.8756843020064780e-01	   0.0000000000000000e+00	   0.0000000000000000e+00	   0.0000000000000000e+00	   0.0000000000000000e+00	   0.0000000000000000e+00	   0.0000000000000000e+00	   0.0000000000000000e+00	   0.0000000000000000e+00	   0.0000000000000000e+00	   0.0000000000000000e+00	   0.0000000000000000e+00	   0.0000000000000000e+00	
  -8.8573874686329679e-01	  -4.6418409311935360e-01	   5.6906625538992661e-01	   8.2229167390682423e-01	  -1.2234931699922792e-01	  -9.9248710048535260e-01	   0.0000000000000000e+00	   0.0000000000000000e+00	   0.0000000000000000e+00	   0.0000000000000000e+00	   0.0000000000000000e+00	   0.0000000000000000e+00	   0.0000000000000000e+00	   0.0000000000000000e+00	   0.0000000000000000e+00	   0.0000000000000000e+00	   0.0000000000000000e+00	   0.0000000000000000e+00	
   8.2453683646514075e-01	   5.6580827610777984e-01	   3.5972198937588468e-01	   9.3305953205540748e-01	  -2.3132877421126291e-01	   9.7287563348144068e-01	   0.0000000000000000e+00	   0.0000000000000000e+00	   0.0000000000000000e+00	   0.0000000000000000e+00	   0.0000000000000000e+00	   0.0000000000000000e+00	   0.0000000000000000e+00	   0.0000000000000000e+00	   0.0000000000000000e+00	   0.0000000000000000e+00	   0.0000000000000000e+00	   0.0000000000000000e+00	
  -7.5173109680235639e-01	  -6.5946975525821228e-01	   1.3019928379934731e-01	   9.9148784485647479e-01	   5.5598139597562712e-01	  -8.3119473490211249e-01	   0.0000000000000000e+00	   0.0000000000000000e+00	   0.0000000000000000e+00	   0.0000000000000000e+00	   0.0000000000000000e+00	   0.0000000000000000e+00	   0.0000000000000000e+00	   0.0000000000000000e+00	   0.0000000000000000e+00	   0.0000000000000000e+00	   0.0000000000000000e+00	   0.0000000000000000e+00	
   6.6834613385374309e-01	   7.4385041867485335e-01	  -1.0662689072550921e-01	   9.9429910297365265e-01	  -8.1087347421622236e-01	   5.8522150405851758e-01	   0.0000000000000000e+00	   0.0000000000000000e+00	   0.0000000000000000e+00	   0.0000000000000000e+00	   0.0000000000000000e+00	   0.0000000000000000e+00	   0.0000000000000000e+00	   0.0000000000000000e+00	   0.0000000000000000e+00	   0.0000000000000000e+00	   0.0000000000000000e+00	   0.0000000000000000e+00	
  -5.7555543657829222e-01	  -8.1776276475832010e-01	  -3.3747187885034297e-01	   9.4133561017589229e-01	   9.6402298570750378e-01	  -2.6581889140463655e-01	   0.0000000000000000e+00	   0.0000000000000000e+00	   0.0000000000000000e+00	   0.0000000000000000e+00	   0.0000000000000000e+00	   0.0000000000000000e+00	   0.0000000000000000e+00	   0.0000000000000000e+00	   0.0000000000000000e+00	   0.0000000000000000e+00	   0.0000000000000000e+00	   0.0000000000000000e+00	
   4.7466486222843662e-01	   8.8016661409397901e-01	  -5.4938653713131858e-01	   8.3556832923397617e-01	  -9.9621383214362702e-01	  -8.6936762337398429e-02	   0.0000000000000000e+00	   0.0000000000000000e+00	   0.0000000000000000e+00	   0.0000000000000000e+00	   0.0000000000000000e+00	   0.0000000000000000e+00	   0.0000000000000000e+00	   0.0000000000000000e+00	   0.0000000000000000e+00	   0.0000000000000000e+00	   0.0000000000000000e+00	   0.0000000000000000e+00	
  -3.6709425883015834e-01	  -9.3018374804870496e-01	  -7.3048361026787334e-01	   6.8293022713159623e-01	   9.0340693782788517e-01	   4.2878421692553415e-01	   0.0000000000000000e+00	   0.0000000000000000e+00	   0.0000000000000000e+00	   0.0000000000000000e+00	   0.0000000000000000e+00	   0.0000000000000000e+00	   0.0000000000000000e+00	   0.0000000000000000e+00	   0.0000000000000000e+00	   0.0000000000000000e+00	   0.0000000000000000e+00	   0.0000000000000000e+00	
   2.5435748344918657e-01	   9.6711026807360323e-01	  -8.7060454122679354e-01	   4.9198346801013987e-01	  -6.9724704382094815e-01	  -7.1683091443027813e-01	   0.0000000000000000e+00	   0.0000000000000000e+00	   0.0000000000000000e+00	   0.0000000000000000e+00	   0.0000000000000000e+00	   0.0000000000000000e+00	   0.0000000000000000e+00	   0.0000000000000000e+00	   0.0000000000000000e+00	   0.0000000000000000e+00	   0.0000000000000000e+00	   0.0000000000000000e+00	
  -1.3804109745526921e-01	  -9.9042650177251657e-01	  -9.6188931082668971e-01	   2.7343912250692270e-01	   4.0360160964928687e-01	   9.1493482865639375e-01	   0.0000000000000000e+00	   0.0000000000000000e+00	   0.0000000000000000e+00	   0.0000000000000000e+00	   0.0000000000000000e+00	   0.0000000000000000e+00	   0.0000000000000000e+00	   0.0000000000000000e+00	   0.0000000000000000e+00	   0.0000000000000000e+00	   0.0000000000000000e+00	   0.0000000000000000e+00	
   1.9782038611492175e-02	   9.9980431632813704e-01	  -9.9921734189674682e-01	   3.9556335179079485e-02	  -5.9315150688839781e-02	  -9.9823930642845371e-01	   0.0000000000000000e+00	   0.0000000000000000e+00	   0.0000000000000000e+00	   0.0000000000000000e+00	   0.0000000000000000e+00	   0.0000000000000000e+00	   0.0000000000000000e+00	   0.0000000000000000e+00	   0.0000000000000000e+00	   0.0000000000000000e+00	   0.0000000000000000e+00	   0.0000000000000000e+00	
   9.8755415797627782e-02	  -9.9511173636463446e-01	  -9.8049473570127532e-01	  -1.9654534657957767e-01	  -2.9241374642075613e-01	   9.5629190151552457e-01	   0.0000000000000000e+00	   0.0000000000000000e+00	   0.0000000000000000e+00	   0.0000000000000000e+00	   0.0000000000000000e+00	   0.0000000000000000e+00	   0.0000000000000000e+00	   0.0000000000000000e+00	   0.0000000000000000e+00	   0.0000000000000000e+00	   0.0000000000000000e+00	   0.0000000000000000e+00	
  -2.1590307058468505e-01	   9.7641480125615898e-01	  -9.0677172822420904e-01	  -4.2162190751107942e-01	   6.0745267147066151e-01	  -7.9435587234133076e-01	   0.0000000000000000e+00	   0.0000000000000000e+00	   0.0000000000000000e+00	   0.0000000000000000e+00	   0.0000000000000000e+00	   0.0000000000000000e+00	   0.0000000000000000e+00	   0.0000000000000000e+00	   0.0000000000000000e+00	   0.0000000000000000e+00	   0.0000000000000000e+00	   0.0000000000000000e+00	
   3.3001228941788002e-01	  -9.4397663574538193e-01	  -7.8218377766633884e-01	  -6.2304778143864337e-01	  -8.4627280784426906e-01	   5.3274978620678670e-01	   0.0000000000000000e+00	   0.0000000000000000e+00	   0.0000000000000000e+00	   0.0000000000000000e+00	   0.0000000000000000e+00	   0.0000000000000000e+00	   0.0000000000000000e+00	   0.0000000000000000e+00	   0.0000000000000000e+00	   0.0000000000000000e+00	   0.0000000000000000e+00	   0.0000000000000000e+00	
  -4.3947719632734694e-01	   8.9825374694918725e-01	  -6.1371958781650915e-01	  -7.8952407659952595e-01	   9.7890872389689587e-01	  -2.0429809171539251e-01	   0.0000000000000000e+00	   0.0000000000000000e+00	   0.0000000000000000e+00	   0.0000000000000000e+00	   0.0000000000000000e+00	   0.0000000000000000e+00	   0.0000000000000000e+00	   0.0000000000000000e+00	   0.0000000000000000e+00	   0.0000000000000000e+00	   0.0000000000000000e+00	   0.0000000000000000e+00	
   5.4275727543223173e-01	  -8.3988959986737577e-01	  -4.1082907993076107e-01	  -9.1171238177576830e-01	  -9.8871821961533257e-01	  -1.4978745675351768e-01	   0.0000000000000000e+00	   0.0000000000000000e+00	   0.0000000000000000e+00	   0.0000000000000000e+00	   0.0000000000000000e+00	   0.0000000000000000e+00	   0.0000000000000000e+00	   0.0000000000000000e+00	   0.0000000000000000e+00	   0.0000000000000000e+00	   0.0000000000000000e+00	   0.0000000000000000e+00	
  -6.3839905085222792e-01	   7.6970556180332650e-01	  -1.8489330374194907e-01	  -9.8275860018184902e-01	   8.7447047008781387e-01	   4.8507875334258654e-01	   0.0000000000000000e+00	   0.0000000000000000e+00	   0.0000000000000000e+00	   0.0000000000000000e+00	   0.0000000000000000e+00	   0.0000000000000000e+00	   0.0000000000000000e+00	   0.0000000000000000e+00	   0.0000000000000000e+00	   0.0000000000000000e+00	   0.0000000000000000e+00	   0.0000000000000000e+00	
   7.2505654168867006e-01	  -6.8868934313989927e-01	   5.1413977291068162e-02	  -9.9867742686971428e-01	  -6.5050046055042599e-01	  -7.5950585963749073e-01	   0.0000000000000000e+00	   0.0000000000000000e+00	   0.0000000000000000e+00	   0.0000000000000000e+00	   0.0000000000000000e+00	   0.0000000000000000e+00	   0.0000000000000000e+00	   0.0000000000000000e+00	   0.0000000000000000e+00	   0.0000000000000000e+00	   0.0000000000000000e+00	   0.0000000000000000e+00	
  -8.0151020421183428e-01	   5.9798109714630920e-01	   2.8483721491139263e-01	  -9.5857590257711001e-01	   3.4491033563031387e-01	   9.3863563770793634e-01	   0.0000000000000000e+00	   0.0000000000000000e+00	   0.0000000000000000e+00	   0.0000000000000000e+00	   0.0000000000000000e+00	   0.0000000000000000e+00	   0.0000000000000000e+00	   0.0000000000000000e+00	   0.0000000000000000e+00	   0.0000000000000000e+00	   0.0000000000000000e+00	   0.0000000000000000e+00	
   8.6668409468363072e-01	  -4.9885737442922035e-01	   5.0228263995516931e-01	  -8.6470350386688366e-01	   3.9566554860692646e-03	  -9.9999217240804672e-01	   0.0000000000000000e+00	   0.0000000000000000e+00	   0.0000000000000000e+00	   0.0000000000000000e+00	   0.0000000000000000e+00	   0.0000000000000000e+00	   0.0000000000000000e+00	   0.0000000000000000e+00	   0.0000000000000000e+00	   0.0000000000000000e+00	   0.0000000000000000e+00	   0.0000000000000000e+00	
  -9.1966101127113387e-01	   3.9271315784902772e-01	   6.9155275130448923e-01	  -7.2232595977383451e-01	  -3.5232719395290918e-01	   9.3587688741696640e-01	   0.0000000000000000e+00	   0.0000000000000000e+00	   0.0000000000000000e+00	   0.0000000000000000e+00	   0.0000000000000000e+00	   0.0000000000000000e+00	   0.0000000000000000e+00	   0.0000000000000000e+00	   0.0000000000000000e+00	   0.0000000000000000e+00	   0.0000000000000000e+00	   0.0000000000000000e+00	
   9.5969540196500391e-01	  -2.8104223071849810e-01	   8.4203052910554099e-01	  -5.3942987315706081e-01	   6.5649025222848967e-01	  -7.5433450718429562e-01	   0.0000000000000000e+00	   0.0000000000000000e+00	   0.0000000000000000e+00	   0.0000000000000000e+00	   0.0000000000000000e+00	   0.0000000000000000e+00	   0.0000000000000000e+00	   0.0000000000000000e+00	   0.0000000000000000e+00	   0.0000000000000000e+00	   0.0000000000000000e+00	   0.0000000000000000e+00	
  -9.8622385684409619e-01	   1.6541615456646203e-01	   9.4527499161688866e-01	  -3.2627471588171064e-01	  -8.7828163917726088e-01	   4.7814366280868309e-01	   0.0000000000000000e+00	   0.0000000000000000e+00	   0.0000000000000000e+00	   0.0000000000000000e+00	   0.0000000000000000e+00	   0.0000000000000000e+00	   0.0000000000000000e+00	   0.0000000000000000e+00	   0.0000000000000000e+00	   0.0000000000000000e+00	   0.0000000000000000e+00	   0.0000000000000000e+00	
   9.9887303702565444e-01	  -4.7462152323145844e-02	   9.9549468819370901e-01	  -9.4817328469589818e-02	   9.8987256805225976e-01	  -1.4195879337900974e-01	   0.0000000000000000e+00	   0.0000000000000000e+00	   0.0000000000000000e+00	   0.0000000000000000e+00	   0.0000000000000000e+00	   0.0000000000000000e+00	   0.0000000000000000e+00	   0.0000000000000000e+00	   0.0000000000000000e+00	   0.0000000000000000e+00	   0.0000000000000000e+00	   0.0000000000000000e+00	
  -9.9746492871991532e-01	  -7.1159791833410771e-02	   9.8987256805245127e-01	   1.4195879337767417e-01	  -9.7726141234856012e-01	  -2.1203804360184400e-01	   0.0000000000000000e+00	   0.0000000000000000e+00	   0.0000000000000000e+00	   0.0000000000000000e+00	   0.0000000000000000e+00	   0.0000000000000000e+00	   0.0000000000000000e+00	   0.0000000000000000e+00	   0.0000000000000000e+00	   0.0000000000000000e+00	   0.0000000000000000e+00	   0.0000000000000000e+00	
   9.8201934844395244e-01	   1.8878029367949148e-01	   9.2872400143656986e-01	   3.7077180199638443e-01	   8.4203052910604903e-01	   5.3942987315626767e-01	   0.0000000000000000e+00	   0.0000000000000000e+00	   0.0000000000000000e+00	   0.0000000000000000e+00	   0.0000000000000000e+00	   0.0000000000000000e+00	   0.0000000000000000e+00	   0.0000000000000000e+00	   0.0000000000000000e+00	   0.0000000000000000e+00	   0.0000000000000000e+00	   0.0000000000000000e+00	
  -9.5275366414136742e-01	  -3.0374406243612145e-01	   8.1547908906960309e-01	   5.7878653689439796e-01	  -6.0114771614209039e-01	  -7.9913792512753945e-01	   0.0000000000000000e+00	   0.0000000000000000e+00	   0.0000000000000000e+00	   0.0000000000000000e+00	   0.0000000000000000e+00	   0.0000000000000000e+00	   0.0000000000000000e+00	   0.0000000000000000e+00	   0.0000000000000000e+00	   0.0000000000000000e+00	   0.0000000000000000e+00	   0.0000000000000000e+00	
